      0/54     17.2G   0.06592   0.01553   0.02982    0.1113         8       640   0.01981    0.1562   0.02232  0.004622   0.08425   0.01665   0.02839
      1/54     20.6G   0.05197   0.01346   0.02442   0.08985        17       640    0.2516    0.3069    0.1551   0.04114   0.08649   0.01058   0.02787
      2/54     20.6G   0.04467   0.01148   0.02312   0.07927         7       640    0.9039    0.2434    0.3558    0.2087   0.06532  0.009939   0.02544
      3/54     20.6G   0.03898  0.009974   0.02046   0.06941        14       640    0.5886    0.5825    0.4012    0.2067   0.06659  0.008273   0.02343
      4/54     20.6G   0.03377  0.008823   0.01897   0.06156         6       640    0.6532    0.5254     0.422    0.2884   0.06004  0.007026   0.02357
      5/54     20.6G   0.03049  0.008567   0.01631   0.05537         6       640     0.694    0.6126    0.5121    0.3864   0.05692   0.00699   0.02253
      6/54     20.6G   0.03054  0.008129   0.01403    0.0527        10       640    0.7801    0.5161    0.6877    0.5386   0.06525  0.006564   0.02103
      7/54     20.6G   0.03109  0.007523   0.01274   0.05135        10       640    0.4578    0.8074    0.7017    0.5588   0.05573  0.006981   0.02077
      8/54     20.6G     0.026   0.00754    0.0105   0.04403         9       640    0.8813    0.6154    0.7249    0.5885   0.05141  0.007445   0.01917
      9/54     20.6G   0.02517   0.00756  0.009642   0.04237         9       640    0.7181    0.8955    0.8141    0.6078   0.05101  0.007724   0.01886
     10/54     20.6G   0.02366   0.00716  0.008842   0.03966        16       640     0.639    0.7992    0.7974     0.611   0.05453  0.007255   0.02089
     11/54     20.6G   0.02338  0.007203  0.008308   0.03889         4       640    0.7231     0.806    0.8338    0.6648   0.04989  0.007353    0.0202
     12/54     20.6G   0.02311  0.007046  0.007857   0.03802        10       640    0.8506    0.7556    0.8096    0.6413   0.04771  0.007955    0.0177
     13/54     20.6G   0.02372  0.006952  0.008118   0.03878        11       640     0.825    0.7684    0.8245    0.6414   0.04977  0.009091   0.01811
     14/54     20.6G   0.02318  0.007056   0.00746    0.0377         3       640    0.7351     0.821    0.8094    0.6543   0.04778  0.008268   0.01745
     15/54     20.6G   0.02236  0.006885  0.006945   0.03619        10       640     0.743    0.8254    0.8268    0.6695   0.04937  0.008271   0.01767
     16/54     20.6G   0.02215  0.006727  0.006496   0.03538        10       640    0.8034    0.8041    0.8418     0.692    0.0457  0.009118   0.02229
     17/54     20.6G   0.02092   0.00667  0.006005   0.03359        10       640    0.7976     0.854      0.87    0.7228    0.0428  0.008099   0.01538
     18/54     20.6G   0.02067  0.006505  0.005625    0.0328         9       640     0.848    0.8789    0.8816    0.7076   0.04125  0.009387   0.01594
     19/54     20.6G   0.02039  0.006298  0.005771   0.03245        10       640    0.7488    0.8721    0.8406     0.692   0.04135  0.009578   0.01479
     20/54     20.6G   0.02009  0.006262  0.005203   0.03156        10       640    0.8997    0.7528    0.8248    0.6903     0.038  0.009461   0.01486
     21/54     20.6G   0.01961  0.006349  0.005329   0.03128         3       640    0.8491    0.8302    0.8618    0.7321   0.03563   0.01052   0.01463
     22/54     20.6G   0.01934  0.006205  0.004858    0.0304         9       640    0.8507    0.7788    0.8238    0.7234   0.03164   0.01064   0.01491
     23/54     20.6G   0.01894  0.006192  0.004689   0.02982        11       640    0.8654    0.8143    0.8625    0.7258   0.03055   0.01012   0.01324
     24/54     20.6G   0.01847  0.006046  0.004555   0.02907        18       640    0.7811    0.9161    0.8658     0.742   0.03056   0.00989   0.01428
     25/54     20.6G   0.01831  0.005975  0.004618    0.0289        16       640    0.7454    0.8956    0.8613    0.7216   0.02748  0.009549   0.01401
     26/54     20.6G   0.01812  0.006042  0.004378   0.02854        17       640     0.872    0.8093    0.8543     0.723   0.02601   0.01032   0.01359
     27/54     20.6G   0.01779  0.005799  0.004265   0.02786         4       640    0.8634    0.9064    0.8975    0.7688   0.02659   0.01064   0.01284
     28/54     20.6G   0.01747  0.005791  0.003856   0.02712         5       640    0.8653     0.852    0.8734    0.7441   0.02348   0.01034     0.015
     29/54     20.6G   0.01725  0.005737  0.003704   0.02669         9       640    0.8278    0.8581    0.8793    0.7526   0.02299   0.01039   0.01521
     30/54     20.6G     0.017  0.005834   0.00384   0.02667        17       640    0.8834    0.8445    0.8798    0.7603   0.02398   0.01078    0.0141
     31/54     20.6G    0.0162   0.00539   0.00351    0.0251        18       640    0.8458    0.8845    0.8911    0.7585   0.02379   0.01071    0.0137
     32/54     20.6G     0.016  0.005497  0.003415   0.02491         8       640    0.8946    0.8442    0.8899    0.7614   0.02286   0.01035   0.01457
     33/54     20.6G     0.016  0.005447   0.00345    0.0249        10       640    0.8488     0.889    0.8947     0.768   0.02572   0.01082   0.01363
     34/54     20.6G   0.01555  0.005319  0.003108   0.02398         7       640    0.8584    0.8588    0.8656    0.7517   0.02282    0.0113   0.01429
     35/54     20.6G   0.01528   0.00516  0.003186   0.02362        12       640    0.8349      0.87    0.8832    0.7672   0.02477   0.01072   0.01478
     36/54     20.6G   0.01506  0.005209  0.003069   0.02334         4       640    0.8557    0.8091     0.846    0.7485   0.02247   0.01085    0.0153
     37/54     20.6G   0.01519  0.005331  0.003277    0.0238         3       640    0.7717    0.8673    0.8589    0.7613    0.0216   0.01116   0.01456
     38/54     20.6G   0.01504  0.005281  0.002801   0.02312        11       640    0.8822    0.8643    0.8905    0.7849   0.02424   0.01042   0.01387
     39/54     20.6G   0.01495  0.005042  0.002833   0.02283        10       640    0.8669    0.8919    0.8812    0.7739   0.02101   0.01102   0.01286
     40/54     20.6G   0.01459   0.00494   0.00279   0.02232        10       640    0.8739    0.8385    0.8843    0.7663   0.02064   0.01115   0.01325
     41/54     20.6G    0.0145  0.004994  0.002706    0.0222        11       640    0.8512    0.8577    0.8835    0.7755   0.02058   0.01172   0.01446
     42/54     20.6G   0.01427  0.004871  0.002719   0.02186         3       640    0.8839    0.8385    0.8655    0.7641   0.01921   0.01133   0.01402
     43/54     20.6G   0.01403  0.004935  0.002581   0.02154         3       640    0.9229    0.8303    0.8909    0.7879   0.02055   0.01101    0.0138
     44/54     20.6G   0.01373  0.004743  0.002404   0.02087         6       640    0.8681    0.8643    0.8919    0.7789   0.02066   0.01166   0.01294
     45/54     20.6G   0.01368   0.00483  0.002434   0.02094        10       640     0.829    0.8681    0.8622    0.7689   0.01934   0.01157   0.01429
     46/54     20.6G   0.01381  0.004776  0.002345   0.02093         7       640    0.8913    0.8587    0.9031    0.7882   0.01884   0.01168   0.01293
     47/54     20.6G   0.01361  0.004809  0.002553   0.02097         2       640    0.9285    0.8652     0.905    0.7924   0.01857   0.01138    0.0145
     48/54     20.6G   0.01361  0.004699   0.00249    0.0208         4       640    0.8905    0.8605    0.9034    0.7959   0.01833   0.01174   0.01373
     49/54     20.6G   0.01329  0.004718  0.002178   0.02019        16       640    0.8732     0.868    0.8938    0.7861    0.0185   0.01191   0.01399
     50/54     20.6G   0.01335  0.004522  0.002281   0.02015         9       640    0.8398    0.8919    0.8972    0.7888   0.01786   0.01184   0.01341
     51/54     20.6G   0.01301  0.004717  0.002337   0.02006         0       640    0.8639    0.8665    0.8914     0.781   0.01798   0.01155   0.01348
     52/54     20.6G   0.01296  0.004582  0.002119   0.01966        13       640    0.8457      0.89    0.8891    0.7894   0.01796   0.01161   0.01361
     53/54     20.6G    0.0131   0.00466  0.002107   0.01987        12       640    0.8815    0.8414     0.864    0.7702   0.01798   0.01183   0.01456
     54/54     20.6G   0.01292   0.00459  0.002161   0.01967         6       640    0.8545    0.8675    0.8714    0.7755   0.01809    0.0123    0.0141
